-510.33553162154
-241.09591225201
4411.78751761751

-495.72889591984
-229.72650423647
4375.65569790535

-488.15203642922
-250.12856220401
4373.08034396894

-570.60888909294
-293.69903355402
4361.45011978978

-504.51922189763
-186.22958154437
4361.33716536780

-553.40973744457
-268.57752171587
4367.73454444245

-624.85422291751
-187.66464072029
4316.26040565217


-578.06486823489
-197.74475837827
4340.05149493396



-581.22315450696
-198.07196139289
4302.36966633810


-607.74515016756
-191.32937148551
4320.08679852037


-542.50937372359
-206.25177821046
4287.57144398224



-635.70187764041
-232.00454283099
4276.00735380619


-594.80600542313
-206.31772396566
4261.38640202237

-608.19492950606
-193.58681249275
4230.81440415388



-641.77743517671
-220.97990393583
4228.70851772651


-618.54860214232
-186.72538057668
4218.44580459412

-566.72660432404
-202.93738094110
4213.95839306510

-566.72660432404
-202.93738094110
4213.95839306510

